$ 3 0.001 382.76258214399064 50 5 43 5e-11
a 1264 336 1440 336 9 15 -15 1000000 2.0583156159247546 2.058336199080914 100000
r 1040 320 1184 320 0 16000
r 880 320 1040 320 0 16000
w 1040 320 1040 192 0
w 1040 192 1168 192 0
w 1440 336 1440 192 0
w 1440 336 1440 416 0
w 1440 416 1264 416 0
w 1264 416 1264 352 0
c 1168 192 1360 192 4 0.000001 0.000020583156144837744 0.001 0
c 1184 320 1184 448 4 0.000001 2.058336199080914 0.001 0
g 1184 448 1184 496 0 0
w 1232 320 1264 320 0
w 1440 192 1360 192 0
w 1232 320 1184 320 0
w 1520 336 1520 480 0
w 1520 480 1520 688 0
154 2304 288 2448 288 0 3 5 5
154 2176 800 2320 800 0 7 5 5
w 1792 256 1792 80 0
w 1792 336 1792 256 0
w 1792 416 1792 336 0
w 1792 496 1792 416 0
w 1792 576 1792 496 0
w 1792 656 1792 576 0
w 1792 736 1792 656 0
w 1872 256 1792 256 0
w 1872 416 1792 416 0
w 1872 496 1792 496 0
w 1872 576 1792 576 0
w 1872 656 1792 656 0
w 1872 736 1792 736 0
R 1712 160 1712 128 0 0 40 5 0 0 0.5
g 1712 752 1712 800 0 0
w 1712 304 1712 288 0
w 1872 704 1712 704 0
w 1872 624 1712 624 0
w 1872 544 1712 544 0
w 1872 464 1712 464 0
w 1872 384 1712 384 0
w 1872 304 1712 304 0
w 1872 224 1712 224 0
a 1872 720 1952 720 8 5 0 1000000 0.6249999999999998 2.0583156159247546 100000
a 1872 640 1952 640 8 5 0 1000000 1.2499999999999996 2.0583156159247546 100000
a 1872 560 1952 560 8 5 0 1000000 1.8749999999999996 2.0583156159247546 100000
a 1872 480 1952 480 8 5 0 1000000 2.4999999999999996 2.0583156159247546 100000
a 1872 400 1936 400 8 5 0 1000000 3.125 2.0583156159247546 100000
a 1872 320 1952 320 8 5 0 1000000 3.75 2.0583156159247546 100000
a 1872 240 1952 240 8 5 0 1000000 4.375 2.0583156159247546 100000
r 1712 544 1712 624 0 1000
r 1712 624 1712 704 0 1000
r 1712 704 1712 752 0 1000
r 1712 464 1712 544 0 1000
r 1712 384 1712 464 0 1000
r 1712 304 1712 384 0 1000
r 1712 224 1712 288 0 1000
r 1712 160 1712 224 0 1000
w 1872 336 1856 336 0
w 1520 688 1520 1056 0
w 1568 1056 1520 1056 0
w 1792 80 1520 80 0
w 1520 80 1520 336 0
w 1952 720 2016 720 0
w 2016 720 2016 848 0
w 2016 848 2176 848 0
w 2176 832 2032 832 0
w 2032 832 2032 640 0
w 2032 640 1952 640 0
w 1952 560 2048 560 0
w 2048 560 2048 800 0
w 2176 816 2048 816 0
w 2048 816 2048 800 0
w 2176 800 2064 800 0
w 2064 800 2064 480 0
w 2064 480 1952 480 0
w 2176 784 2080 784 0
w 2080 784 2080 400 0
w 2080 400 1936 400 0
w 2176 768 2096 768 0
w 2096 768 2096 544 0
w 2096 544 2096 336 0
w 2096 336 2096 320 0
w 2096 320 1952 320 0
w 2176 752 2112 752 0
w 2112 752 2112 496 0
w 2112 448 2112 432 0
w 2112 496 2112 448 0
w 2112 432 2112 240 0
w 2112 240 1952 240 0
w 2096 320 2240 320 0
w 2240 320 2240 272 0
w 2240 272 2304 272 0
w 2256 400 2256 288 0
w 2256 288 2304 288 0
w 2288 640 2288 304 0
w 2288 304 2304 304 0
w 2032 640 2288 640 0
w 1856 336 1792 336 0
w 2192 480 2256 480 0
w 2064 480 2192 480 0
w 2192 480 2192 128 0
w 2192 128 2512 128 0
197 3504 624 3920 624 0
w 3312 656 3504 656 0
w 3504 688 3312 688 0
w 2464 288 2448 288 0
w 3504 720 3312 720 0
w 2512 800 2320 800 0
g 3504 624 3408 624 0 0
157 3856 624 3920 624 0 7 0 0
w 3632 624 3856 624 0
w 3632 656 3856 656 0
w 3632 688 3856 688 0
w 3632 720 3856 720 0
w 3648 752 3920 752 0
w 3952 752 3952 784 0
w 3952 784 3632 784 0
w 3648 752 3632 752 0
w 3632 816 3984 816 0
w 3984 816 3984 752 0
w 2256 400 2256 480 0
R 880 208 880 176 0 0 40 5 0 0 0.5
374 880 208 880 320 0 0.8119000000000001 Light\sBrightness
g 880 400 880 448 0 0
w 2304 1376 2304 1456 0
w 3136 1264 3136 1200 0
w 2784 1264 3136 1264 0
w 2800 1200 2784 1200 0
w 3104 1232 2784 1232 0
w 3104 1200 3104 1232 0
w 2800 1200 3072 1200 0
w 2784 1168 3008 1168 0
w 2784 1136 3008 1136 0
w 2784 1104 3008 1104 0
w 2784 1072 3008 1072 0
157 3008 1072 3072 1072 0 7 0 0
g 2656 1072 2560 1072 0 0
w 2560 1776 2368 1776 0
w 2560 1168 2560 1776 0
w 2656 1168 2560 1168 0
w 2512 1264 2496 1264 0
w 2512 1136 2512 1264 0
w 2656 1136 2512 1136 0
w 2512 1104 2656 1104 0
197 2656 1072 3072 1072 0
w 2240 1104 2512 1104 0
w 2240 1456 2240 1104 0
w 2112 1456 2240 1456 0
w 2240 1456 2304 1456 0
w 1904 1312 1840 1312 0
w 2080 1616 2336 1616 0
w 2336 1280 2352 1280 0
w 2336 1616 2336 1280 0
w 2304 1264 2352 1264 0
w 2304 1376 2304 1264 0
w 2288 1248 2352 1248 0
w 2288 1296 2288 1248 0
w 2144 1296 2288 1296 0
w 2160 1216 2000 1216 0
w 2160 1408 2160 1216 0
w 2160 1472 2160 1424 0
w 2160 1424 2160 1408 0
w 2160 1728 2160 1472 0
w 2224 1728 2160 1728 0
w 2144 1296 2000 1296 0
w 2144 1312 2144 1296 0
w 2144 1520 2144 1312 0
w 2144 1744 2144 1520 0
w 2224 1744 2144 1744 0
w 2128 1376 1984 1376 0
w 2128 1760 2128 1376 0
w 2224 1760 2128 1760 0
w 2112 1456 2000 1456 0
w 2112 1776 2112 1456 0
w 2224 1776 2112 1776 0
w 2096 1792 2096 1776 0
w 2224 1792 2096 1792 0
w 2096 1536 2096 1776 0
w 2000 1536 2096 1536 0
w 2080 1616 2000 1616 0
w 2080 1808 2080 1616 0
w 2224 1808 2080 1808 0
w 2064 1824 2224 1824 0
w 2064 1696 2064 1824 0
w 2000 1696 2064 1696 0
w 1840 1056 1568 1056 0
w 1920 1312 1904 1312 0
r 1760 1136 1760 1200 0 1000
r 1760 1200 1760 1264 0 1000
r 1760 1280 1760 1360 0 1000
r 1760 1360 1760 1440 0 1000
r 1760 1440 1760 1520 0 1000
r 1760 1680 1760 1728 0 1000
r 1760 1600 1760 1680 0 1000
r 1760 1520 1760 1600 0 1000
a 1920 1216 2000 1216 8 5 0 1000000 4.375 2.0583156159247546 100000
a 1920 1296 2000 1296 8 5 0 1000000 3.75 2.0583156159247546 100000
a 1920 1376 1984 1376 8 5 0 1000000 3.124999999999999 2.0583156159247546 100000
a 1920 1456 2000 1456 8 5 0 1000000 2.499999999999999 2.0583156159247546 100000
a 1920 1536 2000 1536 8 5 0 1000000 1.8749999999999993 2.0583156159247546 100000
a 1920 1616 2000 1616 8 5 0 1000000 1.2499999999999993 2.0583156159247546 100000
a 1920 1696 2000 1696 8 5 0 1000000 0.6249999999999997 2.0583156159247546 100000
w 1920 1200 1760 1200 0
w 1920 1280 1760 1280 0
w 1920 1360 1760 1360 0
w 1920 1440 1760 1440 0
w 1920 1520 1760 1520 0
w 1920 1600 1760 1600 0
w 1920 1680 1760 1680 0
w 1760 1280 1760 1264 0
g 1760 1728 1760 1776 0 0
R 1760 1136 1760 1104 0 0 40 5 0 0 0.5
w 1920 1712 1840 1712 0
w 1920 1632 1840 1632 0
w 1920 1552 1840 1552 0
w 1920 1472 1840 1472 0
w 1920 1392 1840 1392 0
w 1920 1232 1840 1232 0
w 1840 1712 1840 1632 0
w 1840 1632 1840 1552 0
w 1840 1552 1840 1472 0
w 1840 1472 1840 1392 0
w 1840 1392 1840 1312 0
w 1840 1312 1840 1232 0
w 1840 1232 1840 1056 0
154 2224 1776 2368 1776 0 7 5 5
154 2352 1264 2496 1264 0 3 5 5
w 2720 160 2688 160 0
w 2720 320 2688 320 0
w 2688 480 2720 480 0
w 2688 320 2688 480 0
w 2688 160 2688 320 0
w 2688 80 2688 160 0
w 2512 544 2512 800 0
w 2896 448 2848 448 0
w 2528 288 2464 288 0
w 2880 128 2896 128 0
w 2864 688 3312 688 0
w 2880 128 2880 656 0
w 2896 288 2864 288 0
w 3312 656 2880 656 0
w 2864 288 2864 688 0
w 3312 720 2848 720 0
w 2848 448 2848 720 0
w 3200 464 3200 320 0
w 3072 464 3200 464 0
w 3072 304 3200 304 0
w 3200 144 3200 288 0
w 3072 144 3200 144 0
152 3200 304 3408 304 0 3 0 5
154 2896 464 3072 464 0 2 0 5
154 2896 304 3072 304 0 2 0 5
154 2896 144 3072 144 0 2 0 5
w 2896 480 2896 544 0
w 2512 544 2896 544 0
w 2512 448 2512 544 0
w 2896 320 2896 384 0
w 2528 384 2896 384 0
w 2528 288 2528 384 0
w 2896 160 2896 224 0
w 2672 224 2896 224 0
w 2672 128 2672 224 0
w 2816 448 2848 448 0
w 2816 288 2864 288 0
w 2816 128 2880 128 0
w 2720 448 2512 448 0
w 2720 288 2528 288 0
w 2672 128 2720 128 0
w 2512 128 2672 128 0
155 2720 128 2848 128 0 0
155 2720 288 2816 288 0 5
155 2720 448 2752 448 0 5
w 1888 -160 1984 -160 0
w 2448 -16 2512 -16 0
w 2688 16 2528 16 0
I 2352 -16 2448 -16 0 0.5 5
w 2144 -16 2352 -16 0
w 2688 16 2688 80 0
w 2144 -224 2144 -16 0
w 2112 -224 2144 -224 0
w 3408 304 3408 -248 0
r 1760 -256 1856 -256 0 250000
g 2304 -80 2320 -80 0 0
c 2240 -80 2304 -80 4 0.00009999999999999999 0.00019999200032046576 0 0
w 1984 -80 2240 -80 0
w 1984 -160 1984 -80 0
w 1984 -192 1984 -160 0
g 2080 -128 2080 -112 0 0
w 2048 -368 2048 -320 0
w 2144 -256 2112 -256 0
165 1984 -288 2112 -288 6 0
w 2048 -368 1760 -368 0
w 1760 -256 1760 -192 0
S 2528 16 2528 -16 0 0 false 0 2
w 1760 -192 1728 -192 0
R 1728 -192 1680 -192 0 0 40 5 0 0 0.5
w 1440 336 1520 336 0
174 880 320 848 376 1 20000 0.6584000000000001 Resistance
w 848 352 848 400 0
w 848 400 880 400 0
w 1856 -256 1984 -256 0
w 1856 -224 1856 -256 0
w 1760 -256 1760 -368 0
w 2544 -256 3408 -248 0
w 2144 -256 2544 -256 0
w 2544 -256 2544 -16 0
403 1912 -8 2144 120 0 276_64_0_4099_0.0000762939453125_0.00009765625_-1_2_276_3
r 1856 -224 1888 -160 0 50000
403 2672 -160 3072 -16 0 273_64_0_4099_5_0.00009765625_-1_2_273_3
403 2264 -424 2592 -320 0 304_64_0_4099_0.0000762939453125_0.00009765625_-1_2_304_3
o 304 64 0 4099 0.0000762939453125 0.00009765625 0 2 304 3
38 281 F1 0 150000 300000 -1 timer
