$ 3 0.1 0.9487735836358526 58 7 50 5e-11
197 -168 352 -64 352 0
157 128 352 144 352 0 7 0 0
w -40 352 128 352 0
w -40 384 128 384 0
w -40 416 128 416 0
w -40 448 128 448 0
w -40 480 192 480 0
w -40 512 224 512 0
w 224 512 224 480 0
w -40 544 256 544 0
w 256 544 256 480 0
w -352 448 -336 448 0
w -352 416 -328 416 0
w -352 384 -328 384 0
w -352 328 -352 384 0
w -352 488 -352 448 0
w -456 328 -352 328 0
w -448 232 -488 232 0
w -448 408 -448 232 0
w -456 328 -504 328 0
w -456 416 -456 328 0
w -424 408 -448 408 0
w -424 416 -456 416 0
w -520 424 -424 424 0
154 -424 416 -352 416 1 3 5 5
w -480 464 -416 464 0
w -480 184 -480 464 0
w -528 184 -480 184 0
w -488 472 -416 472 0
w -488 232 -488 472 0
w -528 232 -488 232 0
w -496 480 -416 480 0
w -496 280 -496 480 0
w -528 280 -496 280 0
w -504 488 -416 488 0
w -504 328 -504 488 0
w -528 328 -504 328 0
w -512 496 -416 496 0
w -512 376 -512 496 0
w -528 376 -512 376 0
w -520 504 -416 504 0
w -520 424 -520 504 0
w -528 424 -520 424 0
w -528 512 -416 512 0
w -528 472 -528 512 0
154 -416 488 -352 488 1 7 5 5
g -632 512 -632 520 0 0
w -600 192 -600 144 0
w -600 432 -600 480 0
w -600 384 -600 432 0
w -600 336 -600 384 0
w -600 288 -600 336 0
w -600 240 -600 288 0
w -600 192 -600 240 0
w -632 464 -600 464 0
w -632 416 -600 416 0
w -632 368 -600 368 0
w -632 320 -600 320 0
w -632 272 -600 272 0
w -632 224 -600 224 0
w -632 176 -600 176 0
R -632 128 -672 128 0 0 40 5 0 0 0.5
r -632 464 -632 512 0 1000
r -632 416 -632 464 0 1000
r -632 368 -632 416 0 1000
r -632 320 -632 368 0 1000
r -632 272 -632 320 0 1000
r -632 224 -632 272 0 1000
r -632 176 -632 224 0 1000
r -632 128 -632 176 0 1000
a -600 472 -528 472 10 5 0 1000000 0.6249999999999997 4.647373586968586 100000
a -600 424 -528 424 10 5 0 1000000 1.2499999999999993 4.647373586968586 100000
a -600 376 -528 376 10 5 0 1000000 1.8749999999999991 4.647373586968586 100000
a -600 328 -528 328 10 5 0 1000000 2.499999999999999 4.647373586968586 100000
a -600 280 -528 280 10 5 0 1000000 3.1249999999999996 4.647373586968586 100000
a -600 232 -528 232 10 5 0 1000000 3.75 4.647373586968586 100000
a -600 184 -528 184 10 5 0 1000000 4.375 4.647373586968586 100000
w -328 384 -168 384 0
g -168 352 -208 352 0 0
w -608 72 -600 72 0
w -600 72 -600 144 0
w -328 416 -288 416 0
w -336 448 -264 448 0
w -264 448 -168 448 0
g -112 -1240 -152 -1240 0 0
w 312 -1048 312 -1112 0
w 16 -1048 312 -1048 0
w 280 -1080 280 -1112 0
w 16 -1080 280 -1080 0
w 16 -1112 248 -1112 0
w 16 -1144 184 -1144 0
w 16 -1176 184 -1176 0
w 16 -1208 184 -1208 0
w 16 -1240 184 -1240 0
157 184 -1240 200 -1240 0 7 0 0
197 -112 -1240 -8 -1240 0
w -184 -1144 -112 -1144 0
w -792 -656 -776 -656 0
w -792 -656 -808 -656 0
w -520 -656 -488 -656 0
w -488 -416 -488 -656 0
w -680 -656 -520 -656 0
w 104 -592 -56 -592 0
w -216 -592 -56 -592 0
w -280 -592 -216 -592 0
w 104 -800 104 -592 0
w -56 -800 -56 -592 0
w -216 -752 -216 -592 0
w -216 -800 -216 -752 0
w 72 -800 72 -768 0
w 520 -768 72 -768 0
w 520 -544 520 -736 0
w -88 -800 -88 -736 0
w 392 -736 -88 -736 0
w 392 -512 392 -688 0
w -248 -688 -248 -800 0
w 248 -688 -248 -688 0
w -312 -416 -280 -416 0
w -152 -416 -280 -416 0
w -280 -592 -280 -416 0
w -184 -448 -280 -448 0
w -344 -448 -280 -448 0
w 424 -352 424 -608 0
w 408 -320 408 -448 0
w 424 -320 408 -320 0
w 280 -448 408 -448 0
w 424 -288 424 -416 0
w 296 -416 424 -416 0
w 840 -608 424 -608 0
w 840 -480 840 -608 0
w 824 -480 840 -480 0
w 728 -544 520 -544 0
w 520 -352 520 -544 0
w -408 96 -536 96 0
w -200 64 -328 64 0
w -40 48 -168 48 0
w -8 32 120 32 0
w -232 -144 -360 -144 0
w -72 -176 -200 -176 0
w 88 -208 -40 -208 0
w 296 -240 168 -240 0
w 456 -656 152 -656 0
w 600 -624 296 -624 0
w 376 -480 248 -480 0
w 696 -512 392 -512 0
155 424 -352 456 -352 2 5
155 40 -864 72 -864 6146 5
155 -120 -864 -88 -864 6146 0
155 -280 -864 -248 -864 6146 0
w 872 -176 872 48 0
w 824 -176 872 -176 0
w 856 -144 856 64 0
w 824 -144 856 -144 0
w 840 -112 840 80 0
w 824 -112 840 -112 0
w 824 -80 824 112 0
w -792 -432 -792 -416 0
w -488 -416 -792 -416 0
w -808 -464 -808 -448 0
w -504 -448 -808 -448 0
w -792 -432 -792 -496 0
w -312 -416 -488 -416 0
w 8 -416 -152 -416 0
w 152 -416 8 -416 0
w 296 -416 152 -416 0
w 296 -400 296 -416 0
w 296 -288 296 -400 0
w 152 -288 152 -416 0
w 8 -288 8 -416 0
w -152 -288 -152 -416 0
w -312 -400 -312 -416 0
w -312 -288 -312 -400 0
w -488 -288 -488 -416 0
w -472 -288 -488 -288 0
w -808 -656 -808 -608 0
w -808 -464 -808 -608 0
w 152 -320 136 -320 0
w 136 -448 136 -320 0
w 8 -320 -24 -320 0
w -24 -448 -24 -320 0
w -184 -320 -184 -448 0
w -152 -320 -184 -320 0
w -344 -320 -344 -448 0
w -312 -320 -344 -320 0
w -472 -320 -504 -320 0
w -504 -448 -504 -320 0
w -344 -448 -504 -448 0
w -24 -448 -184 -448 0
w 136 -448 -24 -448 0
w 280 -448 136 -448 0
w 280 -320 280 -448 0
w 296 -320 280 -320 0
164 -776 -656 -712 -656 0 6 0 0 5 5 5 0 false 0
w 824 -448 872 -448 0
w 936 -656 936 -416 0
w 824 -416 936 -416 0
w 872 -624 872 -448 0
w 600 -624 872 -624 0
w 456 -656 936 -656 0
w 296 -352 296 -624 0
w 152 -352 152 -656 0
w 120 32 872 48 0
w -8 -352 -8 32 0
w 8 -352 -8 -352 0
w -40 48 856 64 0
w -168 -352 -168 48 0
w -152 -352 -168 -352 0
w -200 64 840 80 0
w -328 -352 -328 64 0
w -312 -352 -328 -352 0
w -408 96 824 112 0
w -536 -352 -536 96 0
w -472 -352 -536 -352 0
w 248 -448 248 -480 0
w 728 -320 728 -272 0
w 824 -272 728 -272 0
w 824 -240 824 -272 0
w 728 -512 696 -512 0
w 392 -352 392 -512 0
w 728 -480 376 -480 0
w 248 -352 248 -448 0
155 296 -352 328 -352 2 5
w 168 -240 120 -240 0
w 120 -352 120 -240 0
w 104 -352 120 -352 0
w 728 -240 296 -240 0
w -40 -352 -56 -352 0
w -40 -208 -40 -352 0
w 728 -208 88 -208 0
w -200 -208 -200 -176 0
w 728 -176 -72 -176 0
w -200 -352 -200 -208 0
w -216 -352 -200 -352 0
w -360 -192 -360 -144 0
w 728 -144 -232 -144 0
w -360 -352 -360 -192 0
w -376 -352 -360 -352 0
155 -472 -352 -440 -352 2 0
155 8 -352 72 -352 2 0
155 152 -352 184 -352 2 0
155 -312 -352 -296 -352 2 5
155 -152 -352 -56 -352 2 0
196 728 -576 760 -576 2 4
196 728 -240 776 -240 2 4
w -160 -1000 -160 -1176 0
w -160 -1176 -112 -1176 0
w -136 -1008 -136 -1208 0
w -136 -1208 -112 -1208 0
w -248 -896 -248 -1144 0
w -184 -1144 -248 -1144 0
w -88 -896 -88 -928 0
w -88 -928 -160 -928 0
w -160 -1000 -160 -928 0
w 72 -896 72 -992 0
w 72 -992 -136 -992 0
w -136 -1008 -136 -992 0
w -232 416 -232 280 0
w -168 384 -168 312 0
w -168 312 0 312 0
w 0 312 0 264 0
w -232 280 -152 280 0
w -152 264 -152 272 0
w -152 272 -152 280 0
w -288 416 -232 416 0
w -168 416 -232 416 0
w -336 168 -336 -16 0
w -336 -16 728 -16 0
w -336 264 -336 448 0
w -152 168 -152 -32 0
w 728 -48 -144 -48 0
w -152 -32 -152 -48 0
w -144 -48 -152 -48 0
w 0 168 0 -80 0
w 0 -80 728 -80 0
a -944 72 -896 72 11 15 -15 1000000 4.647373586968586 4.647420060704455 100000
w -896 72 -872 72 0
w -872 72 -792 72 0
w -872 72 -872 120 0
w -872 120 -944 120 0
w -944 120 -944 80 0
w -944 64 -968 64 0
c -968 64 -968 248 4 0.000001 4.647420060704455 0.001 0
g -968 248 -968 272 0 0
r -968 64 -1040 64 0 16000
r -1040 64 -1120 64 0 16000
w -1040 64 -1040 24 0
w -1040 24 -960 24 0
w -792 24 -880 24 0
c -880 24 -960 24 4 0.000001 -0.0000464737358685241 0.001 0
w -792 72 -608 72 0
w -792 24 -792 72 0
w -336 264 -336 168 0
w -152 264 -152 168 0
w 0 264 0 168 0
g -992 -520 -992 -496 0 0
c -992 -560 -992 -520 4 1e-8 3.333333333333333 0.001 0
w -1160 -592 -1112 -592 0
w -1112 -688 -1160 -688 0
d -1160 -688 -1160 -592 2 default
w -928 -656 -872 -656 0
w -1056 -592 -1112 -592 0
w -1056 -624 -1056 -592 0
w -1056 -688 -1112 -688 0
g -960 -560 -960 -488 0 0
g -1112 -496 -1112 -440 0 0
c -1112 -592 -1112 -496 4 0.00009999999999999999 2.092191236133199 0 0
r -1112 -688 -1112 -592 0 50000
r -1112 -752 -1112 -688 0 70800
w -992 -752 -1112 -752 0
w -896 -752 -992 -752 0
w -896 -688 -896 -752 0
w -928 -688 -896 -688 0
R -992 -752 -992 -808 0 0 40 5 0 0 0.5
165 -1056 -720 -992 -720 6 4.999999950000001
w -872 -656 -808 -656 0
R -880 -496 -928 -528 0 0 40 5 0 0 0.5
w -792 -496 -776 -496 0
s -880 -496 -792 -496 0 1 true
155 568 -352 600 -352 2 0
w 408 -448 552 -448 0
w 552 -448 552 -320 0
w 552 -320 568 -320 0
w 424 -416 568 -416 0
w 568 -416 568 -288 0
w 824 -512 824 -600 0
w 824 -600 568 -600 0
w 568 -600 568 -352 0
w 664 -352 664 -576 0
w 664 -576 728 -576 0
w 664 -576 664 -768 0
w 520 -768 664 -768 0
w 392 -736 520 -736 0
w 248 -688 392 -688 0
419 -624 -872 -440 -872 7168 5
w -680 -496 -592 -776 0
w -680 -528 -560 -776 0
w -680 -560 -528 -776 0
w -680 -592 -496 -776 0
w -680 -624 -464 -776 0
w -1152 144 -1120 144 0
w -1152 96 -1152 144 0
174 -1120 64 -1152 120 1 20000 0.6584000000000001 Resistance
g -1120 144 -1120 192 0 0
374 -1120 -48 -1120 64 0 0.9901000000000001 Light\sBrightness
R -1120 -48 -1120 -80 0 0 40 5 0 0 0.5
o 314 64 0 4099 5 0.00009765625 0 2 314 3
o 101 64 0 4099 0.0000762939453125 0.00009765625 1 2 101 3
38 307 F1 0 10000 200000 -1 timer\sadjust\s300\ssec\sto\s900\ssec
